1 3 3320 327 6296 
3 16 3151 149 11068 9164 6095 6035 6086 9111 187 2999 11315 3215 11250 3358 11282 6380 
2 4 758 11710 9689 6734 
2 5 11805 3861 799 6924 9817 
1 7 6880 9765 3866 980 970 11768 11805 
2 3 6734 9686 11677 
1 4 11677 11692 6955 758 
1 3 9764 854 9824 
2 7 6906 9896 6817 3873 6966 6812 9764 
1 4 6906 6959 9889 4098 
1 2 4098 10024 
1 5 10024 10109 4065 11956 1176 
1 3 1176 11956 12038 
2 4 1176 7068 7198 4182 
1 3 4182 10009 9979 
2 3 4182 13231 7183 
1 2 7183 1048 
1 3 4182 13231 10094 
1 4 4182 7198 6744 875 
1 3 7183 1178 875 
2 6 9764 6812 6966 13223 3954 3816 
2 4 3816 9813 11821 915 
2 7 3938 9767 6993 9785 11766 813 3816 
1 7 3816 6878 6903 3902 11852 13233 740 
1 4 885 11852 13233 740 
1 5 3938 3794 9800 9846 11825 
1 4 11825 6936 903 885 
1 6 11825 4024 3920 726 3729 11707 
1 7 11677 11840 3725 3727 3918 918 11825 
1 5 11707 6749 9703 11688 740 
2 7 7183 4080 11749 6954 931 9925 13230 
1 6 13230 9839 9917 11820 896 3938 
1 8 1176 4095 12083 9828 9778 13229 13224 3938 
2 4 11825 9846 13232 6867 
1 5 6867 13221 11756 9839 13230 
1 5 6867 874 845 889 9817 
1 6 13230 9877 3926 844 924 11805 
2 4 10024 1093 9903 832 
1 4 4098 1093 11884 832 
1 5 832 942 9757 6914 3938 
2 4 875 3871 3810 6948 
1 5 6948 985 11780 6866 13230 
1 6 6948 6832 6800 13229 13224 3938 
1 5 3945 6879 9852 6914 3938 
1 6 6906 3799 871 7213 11737 3816 
1 3 11483 3536 11548 
1 4 11506 9534 6569 485 
2 4 11506 9561 454 11420 
1 3 11420 9500 11548 
1 2 11563 9434 
2 5 11506 9523 3549 9578 11563 
2 9 11506 9523 3549 3534 553 11521 11535 3579 6449 
2 4 512 9725 9523 11506 
2 4 3671 9492 6533 512 
2 8 11506 9523 6547 11463 3509 3495 527 9495 
2 5 3552 6572 9525 11508 9495 
2 5 3671 9492 9478 503 11465 
2 3 11465 9510 6536 
2 4 6657 655 3659 3671 
2 5 620 3626 651 669 3671 
2 7 9737 11565 595 11582 629 11596 3671 
1 5 9737 11565 595 3598 620 
2 6 6766 11702 6775 11720 9717 9737 
2 3 740 6756 743 
1 4 743 9710 6777 9737 
2 5 743 11697 11699 3749 6766 
2 6 6766 11702 6775 9734 9751 620 
2 4 9824 9853 3946 6960 
1 4 6766 943 9723 6960 
2 5 6960 9898 11877 958 11834 
2 2 11834 911 
2 7 11834 958 11713 762 780 3589 6613 
1 3 3594 11593 6613 
2 6 3594 9607 11576 6648 3621 620 
2 7 6960 760 11709 3754 769 9748 3594 
2 6 3594 9609 667 9644 6518 512 
2 4 6613 11794 648 3652 
2 5 3652 3669 3506 11491 11506 
2 2 3652 9642 
2 4 11506 11518 11549 13011 
2 5 11420 454 3402 11549 13011 
2 8 11516 5291 6545 11732 551 6949 11518 11506 
2 4 6296 6360 6229 9483 
2 4 9483 6342 6222 9340 
1 3 9483 3354 9262 
2 5 3320 9295 11342 11358 310 
1 4 310 7482 10323 9340 
1 3 9483 3354 6314 
2 7 9340 9240 9317 11291 3074 496 3152 
2 5 3152 11426 11127 11443 4640 
1 7 4640 126 3120 181 11080 6174 3151 
1 4 3151 3060 9100 9206 
1 4 11370 277 6340 3320 
3 2 11467 6464 
2 5 9427 11430 6416 467 3544 
1 5 3544 524 402 9544 3392 
1 4 3501 13070 11333 6103 
1 4 9458 507 9239 6103 
1 7 540 3463 9484 6351 11471 9239 6103 
1 4 3369 11471 9239 6103 
1 5 6103 9239 6221 6270 9297 
1 3 3369 7239 9297 
3 4 6103 11374 221 271 
1 3 9297 11345 9315 
1 7 6103 11221 296 9322 364 11382 9315 
1 3 3369 6378 377 
1 6 377 3241 6301 3301 3205 6384 
1 4 9315 11382 9269 11297 
1 5 6384 6335 6399 11332 11218 
1 4 351 11299 11378 9392 
1 5 11218 9350 9237 6395 3273 
1 3 9392 9383 3273 
1 5 3273 9383 6300 3150 11136 
1 5 3273 9383 159 11306 9075 
1 4 3379 3242 3359 11293 
1 3 3379 3242 385 
2 7 7394 9284 6313 9310 303 3342 11293 
2 3 3392 11247 11301 
1 4 11301 347 13206 3393 
1 3 3320 9274 3393 
1 4 11370 11216 9236 9304 
2 5 11301 347 318 3309 9304 
2 6 11399 3559 3521 12562 524 3544 
1 6 3458 3559 3521 12562 524 3544 
1 7 310 6459 3219 6326 6249 9323 11241 
2 4 11241 323 6293 11234 
1 8 11202 11097 3053 6139 181 11080 6174 3151 
1 10 11234 9331 320 9234 11109 117 6197 79 6174 3151 
1 6 11349 11326 366 3358 11282 6380 
1 5 11349 6264 3235 9287 11234 
2 4 11370 294 11322 3331 
1 4 3331 11220 11290 306 
1 3 11241 9241 3331 
1 2 3331 9289 
1 4 9197 11068 149 3151 
1 7 9197 70 11059 11153 6057 90 11159 
1 10 11159 9118 3033 11092 155 11175 6021 94 9195 3189 
1 9 3189 86 3008 9162 3121 6181 9201 11117 3134 
1 10 11202 415 592 9485 6408 308 11291 9317 9240 9340 
2 10 306 3362 6387 9272 11254 335 401 3327 3391 6380 
2 4 11370 216 386 3350 
2 2 6373 3350 
1 3 6373 6344 9288 
2 3 9289 3378 6373 
2 7 6373 6319 9249 3507 9568 441 6593 
2 9 6593 3470 11543 6435 572 513 422 6580 11399 
2 4 476 11464 11514 6593 
2 6 476 9423 9576 754 741 11670 
2 5 476 9481 11490 504 525 
2 8 3686 705 3722 568 737 3573 588 11405 
1 2 11405 11437 
2 9 11437 6423 6451 3452 458 11438 9465 504 525 
2 6 11437 453 472 3449 3466 6474 
2 4 6474 6493 9430 9417 
2 6 9417 585 3587 3765 3752 3734 
1 4 3734 9696 3760 719 
2 2 413 3527 
2 10 9417 11434 11450 11459 3519 3540 6591 11412 11475 3527 
2 6 6474 3479 502 6530 3531 418 
2 7 3527 9552 9489 11439 3409 9556 418 
1 5 418 9449 3492 558 3580 
1 4 11504 3557 11397 418 
2 7 525 11557 9543 11530 9519 559 11504 
2 4 525 11557 6458 11489 
2 5 9288 546 9506 3480 11489 
2 7 11489 6508 9566 3225 288 3306 3335 
2 9 3335 6252 11284 11235 11300 3263 6348 6414 6380 
2 4 3580 9260 9328 9355 
2 5 9355 9411 11242 3292 6262 
2 6 6262 6396 6290 9348 6414 6380 
2 3 413 6341 6398 
2 4 6398 6230 6279 3356 
2 7 3356 9330 11268 9282 9348 6414 6380 
2 6 3578 3426 9460 433 11408 9422 
2 7 6398 6369 9339 9312 11436 471 9422 
2 6 121 252 6356 9278 9378 6380 
2 7 121 9122 11099 2 9168 2996 9131 
2 4 9197 70 11174 3140 
2 9 3140 172 9107 3163 11083 81 9207 11189 9131 
2 12 6380 301 11362 6316 378 280 3370 3268 6392 6295 6299 11375 
2 3 11344 3303 11375 
2 11 6380 301 3290 9235 11217 214 3339 6362 6410 9407 11344 
2 7 9422 313 3304 6353 6382 9409 9258 
2 6 9258 9286 6391 11262 11394 11344 
2 9 11344 11277 3352 6374 6253 9373 11356 11243 6338 
2 11 9258 9286 11269 3317 286 3276 6302 6226 6275 9243 11225 
2 8 11225 11348 393 3357 3330 6515 9420 12128 
2 8 11225 11377 11256 3265 4324 4283 1305 1278 
2 6 1278 12117 10142 10329 12157 9292 
2 5 9292 1233 12287 10133 1821 
2 7 12128 3563 4322 1254 4294 7370 10253 
2 7 7243 4300 4374 4227 1314 12294 10253 
2 7 6338 260 9336 3251 3300 6388 6278 
2 11 6278 7403 206 1380 10286 10314 361 3280 7320 10133 1821 
2 7 7375 11228 237 3280 7320 10133 1821 
2 10 7375 11352 7346 12203 9293 370 3027 3139 272 6124 
2 13 9131 2996 11143 143 3135 9200 11075 73 3066 3103 6089 9214 6124 
1 5 7477 7563 4599 12491 12333 
2 5 1821 9553 1543 10189 4824 
2 3 9292 1327 1292 
2 8 1292 1775 1294 12521 4780 7800 1709 10696 
2 8 4824 7846 7774 3472 10600 12652 4700 10696 
2 6 10696 12679 1733 1860 7825 7274 
2 9 1459 10148 10366 12397 7597 12329 7657 7600 7243 
2 5 1459 11687 7682 7501 1554 
1 6 12333 8099 10414 1649 10470 1554 
2 8 7274 4866 7757 12631 7886 10712 10639 12691 
1 8 12691 12621 1876 1813 10549 10661 12540 4797 
2 10 4797 1762 4837 10528 4766 12507 7860 10683 7786 4677 
2 9 957 6989 11750 6684 664 6686 11643 10466 12189 
2 6 7642 4434 4621 1425 4406 7381 
1 5 7642 10135 12293 4390 4608 
2 5 12299 4424 7427 4412 10297 
2 18 10297 1376 12215 7342 1291 12144 7236 4371 1337 4312 12201 1281 1308 4388 12220 12122 1427 7408 
2 9 7408 10250 10221 12173 10411 7572 7353 7492 1488 
1 4 1330 12127 4336 1403 
2 4 1330 10154 10283 10344 
2 7 1330 12127 1417 12256 4626 4585 1492 
1 5 1492 7469 12464 1082 4425 
1 2 1185 4075 
1 8 4075 12075 10075 12319 1522 4501 7446 1319 
3 2 1182 9998 
2 3 9998 7157 7087 
2 3 7087 12097 10125 
2 2 7072 11960 
2 5 10125 7187 4172 4142 11960 
2 3 7072 12031 7212 
2 3 7212 11946 1092 
2 3 1092 10052 11985 
2 2 11960 1136 
1 2 7072 1136 
2 8 1136 9985 10055 1167 7145 1191 7050 11985 
2 2 1025 7110 
1 2 7110 9950 
2 6 4102 1183 12006 11925 4164 7110 
1 2 11985 1025 
2 5 11960 4142 4172 7102 10032 
2 7 1182 4188 4100 7016 4118 1024 7169 
2 4 7169 12056 3848 6994 
2 6 1117 11930 4067 1063 9865 6994 
2 2 12007 1117 
1 3 12007 10128 10032 
2 5 10125 7187 10015 11989 12007 
2 5 1182 1097 11908 11989 12007 
2 3 3962 7532 10444 
1 3 10444 10512 12421 
1 3 6994 9859 3962 
4 4 4056 4086 1081 11977 
2 4 11948 10110 4126 11977 
4 4 11977 7204 7221 7125 
2 5 7125 9981 848 10083 6928 
4 5 7125 12040 11915 10065 4052 
4 5 4052 9790 912 11835 6981 
4 6 6981 3970 3839 3895 9885 11771 
2 5 11771 987 9781 11764 964 
1 4 964 3783 6851 1150 
2 3 9843 11761 10068 
4 10 11771 6951 11815 9835 6837 11886 3900 1052 12043 10068 
1 6 10068 9969 11996 11980 7189 1069 
2 5 9843 4140 12026 7109 4190 
1 5 1069 12045 4071 7089 10000 
2 4 1519 4538 12062 4190 
1 3 9843 9776 952 
2 4 1069 4037 10043 7025 
1 9 11913 1146 10008 7094 11916 10040 9995 7085 7025 
1 3 7014 12052 10076 
1 4 10076 7120 996 11913 
1 4 7014 12076 4042 7191 
1 5 9974 7058 1096 11991 7191 
2 7 4190 1188 1169 4144 1139 9958 10364 
2 7 10364 12012 7568 7580 9934 7167 4619 
1 4 4619 4631 9999 7097 
1 3 3992 7653 1628 
1 3 10062 7108 1047 
1 6 10364 4066 7656 10098 4010 7025 
2 5 12068 1091 11959 7214 7186 
1 4 1047 12095 1120 9970 
1 5 10060 10116 12462 11978 10001 
1 5 10001 10255 4237 1228 7340 
1 9 7340 4321 1430 10152 12180 10278 10149 12164 10246 
1 3 10246 4416 7265 
1 5 10246 4416 1409 7288 1321 
1 4 7447 7391 10190 7244 
1 6 1349 7013 4187 7150 11952 9975 
1 4 9975 1144 7207 4132 
1 3 7260 7344 10201 
2 3 12603 10611 4739 
2 5 4739 9669 6726 515 3010 
2 7 4872 12688 3721 12593 12663 3481 4739 
2 5 12603 1788 3721 12688 4872 
2 5 12603 10611 11440 10684 7787 
1 7 7787 4765 4877 4343 7853 1858 1408 
1 8 3010 6754 1347 7761 1737 7853 1858 1408 
2 4 1408 4428 10157 7315 
3 3 7315 12214 10327 
2 4 7315 7386 10271 12211 
2 2 12603 4759 
2 4 4759 10709 1752 3719 
4 4 3719 10618 6752 1866 
2 2 9450 12357 
2 8 12357 9657 926 1760 10526 3699 1719 1866 
2 6 1866 4807 4664 10341 12456 12357 
2 9 9450 12368 6737 11589 1560 10341 4664 4807 1866 
2 6 12211 3513 12183 7865 12553 9616 
2 6 1866 9880 7536 12577 12646 12586 
2 9 9450 12312 11589 10478 7306 12418 11788 10666 12586 
2 6 12586 7852 3855 3613 4760 4723 
2 9 9450 12368 6737 10393 7539 1586 1678 9892 12586 
2 5 1528 12401 6968 9829 3960 
2 4 3960 10861 10504 10337 
2 5 10337 12410 4884 2042 6785 
2 4 10337 12341 1927 12782 
2 5 3960 7981 5022 1927 12782 
2 3 6785 12369 5015 
1 3 5015 10769 12835 
3 5 12782 6987 5061 2060 12835 
2 6 12782 2019 12728 5038 10894 10740 
2 4 5021 2083 12721 12835 
2 3 1965 2011 4956 
1 2 4956 5021 
1 5 4956 2083 1952 12721 12835 
1 2 4956 10172 
1 4 1965 2011 2008 10172 
1 4 1965 12755 4887 13089 
1 3 8032 2051 13089 
2 4 12753 8236 10773 12810 
1 3 12753 10842 10886 
2 3 3960 9829 5001 
1 7 7622 10498 7451 10374 4476 7546 1550 
2 3 8252 5051 12798 
2 7 4569 12305 10457 12497 7611 9682 9450 
1 4 4569 1621 12361 10717 
1 3 10717 1564 1534 
1 5 4569 12346 12463 10370 1534 
2 10 9450 12368 6737 10339 1527 4590 7449 7607 12361 10717 
1 7 1866 9880 1867 12667 12620 3750 1747 
2 8 4723 10640 10711 1815 12651 1851 12585 4860 
1 3 4860 10593 10624 
2 4 12211 3513 4328 4274 
2 5 3588 6665 3471 10151 4274 
2 4 4274 4347 4331 3588 
3 3 3588 9697 9713 
2 4 9671 3677 6699 9713 
3 5 9713 6699 6694 6876 4518 
2 4 4518 9911 941 10387 
1 3 10387 10483 9814 
2 7 10327 12673 12124 3781 6742 7779 4860 
2 11 4860 12572 4857 7880 1767 6722 12566 1836 4772 1752 3719 
2 4 10624 4863 7883 4759 
2 8 10327 1690 1832 4838 1854 1857 10593 10624 
2 5 10717 7834 1352 7892 4740 
2 4 1534 9802 4811 4740 
2 3 1534 2043 1806 
2 6 3960 2082 8025 5103 1618 1806 
1 3 1806 7904 10798 
1 3 10798 11802 4740 
2 5 3960 9920 5085 3875 3972 
2 3 10798 10702 3972 
2 5 4740 11802 7762 2055 3972 
2 2 3972 9908 
2 5 9908 12624 4586 10340 4740 
2 6 9908 12893 10867 8070 3867 10740 
2 4 10740 12791 3883 4975 
2 3 4975 10642 12627 
2 5 4740 10340 4586 1738 12627 
2 3 12627 10588 1827 
2 10 10717 7834 4757 12513 1753 10532 4871 12570 12642 1827 
2 9 10717 7834 1352 7892 12024 4814 4586 1738 12627 
2 3 1827 7780 4723 
1 3 853 1793 11814 
1 4 11814 4799 4657 10387 
1 4 853 7747 6897 10573 
1 4 10573 10645 12552 4975 
1 4 10573 7821 12765 11814 
1 9 12627 9792 868 1658 6887 1756 4742 10662 4865 
2 8 4865 10651 12573 12699 850 4799 4657 10387 
3 9 4865 10651 10591 7827 4736 10422 11698 710 9713 
2 3 4865 10582 12535 
2 4 12535 1789 10556 9616 
2 6 12535 7888 12633 12561 10640 4723 
1 4 1814 4804 12617 12604 
2 8 1814 4804 12617 7783 1713 7887 1565 4543 
1 4 1814 4804 7692 1801 
2 4 2197 5195 2203 2211 
2 5 7798 4776 12932 12924 12910 
2 8 7798 12576 7755 1667 10455 10682 12435 12406 
2 10 7564 7535 7522 4481 12308 7651 10487 10460 4560 7566 
1 4 1454 12104 1431 7669 
1 4 12364 1555 4573 7621 
1 5 12364 10402 12394 12409 1639 
1 4 12364 10402 12394 10418 
1 7 12364 12351 10390 8208 5184 12970 8215 
1 3 8215 10992 650 
1 2 650 8222 
1 4 650 5191 8194 5228 
1 4 5228 11000 5171 12994 
1 3 12994 8217 5131 
1 4 650 8229 8251 5121 
1 3 1639 12494 10935 
1 3 12364 12351 7500 
1 3 7500 10985 12942 
1 5 8187 10943 12453 10515 12364 
1 4 8187 8238 2173 2152 
1 5 10362 12496 1613 1626 4604 
1 6 7500 5163 10975 8255 5143 8216 
1 3 5131 2174 12930 
1 6 8216 10965 2224 5229 10987 12930 
1 3 12930 8157 5230 
1 3 5230 13195 13086 
1 2 2210 2182 
1 3 4604 4589 10447 
2 7 4604 4589 7594 1542 1529 5156 8181 
1 4 8181 7553 10947 10513 
1 2 10513 5112 
1 4 10513 10432 5172 10980 
1 5 10980 8190 12996 2153 10999 
2 4 10980 12334 8148 7476 
2 8 10513 10947 12972 5186 12937 2181 10959 8189 
1 6 10513 10947 12972 5186 7636 12977 
1 2 10946 8143 
1 4 10998 5182 10967 5168 
1 2 5168 2227 
2 5 12589 10415 12692 12547 4696 
1 2 2229 10963 
2 4 10963 7605 5203 1509 
2 2 1509 10697 
2 3 10697 4822 4696 
1 2 2213 10400 
1 2 4696 1833 
3 2 10697 5231 
3 3 5231 12648 10400 
2 2 10963 4879 
2 2 2120 10929 
2 4 10929 1874 12963 8214 
1 3 8214 10668 5231 
1 4 10929 1874 7872 5199 
1 3 5199 12504 191 
1 5 8214 12963 1874 7872 5199 
1 3 10968 12925 5117 
1 5 2196 8205 12911 10932 8144 
1 3 5160 10860 1939 
1 3 1939 5196 5210 
2 3 8105 10745 7989 
2 2 7989 2046 
1 3 2046 2003 12725 
2 3 2046 12881 12806 
1 4 2012 8015 12710 4948 
1 5 2050 12900 2025 1969 4972 
2 4 3458 6416 11430 9427 
1 3 3458 467 3544 
2 3 9817 11673 6734 
2 3 1965 8089 12810 
2 3 7859 12435 12406 
1 9 12406 7520 10388 4478 4658 10500 12451 10430 7564 
2 4 8186 5225 10925 12910 
1 10 12406 1537 10427 12377 11019 2114 8249 5211 5225 8186 
1 13 8186 10927 8165 5197 12948 2191 10969 8200 10949 1526 10983 2157 1652 
1 9 6928 3981 3852 6922 959 6822 898 6944 9897 
1 9 10433 9782 10503 12482 11906 6811 810 3977 957 
1 7 957 3977 810 6811 9766 973 9897 
1 8 4572 7663 11864 9913 9928 11893 6964 9897 
2 5 11771 11808 916 4642 4572 
1 4 4572 4503 7652 10433 
2 3 10433 7582 4506 
2 9 4506 12485 4876 10638 13150 4745 7743 4719 4677 
2 7 11771 846 9831 930 4633 4561 4506 
2 7 4725 10655 7801 12678 12261 4805 12189 
1 9 4725 7763 12657 10678 7851 12543 10559 7725 4677 
1 5 4506 1588 12618 7832 4725 
2 3 9315 6318 6384 
2 5 9315 9379 9332 11270 351 
1 7 11459 500 509 9516 533 9504 3529 
1 8 11408 9564 3539 11485 9436 3582 9504 3529 
1 4 11752 7674 1489 952 
1 3 1052 900 6969 
1 3 6969 3955 952 
1 3 7101 10517 7097 
1 4 3992 4083 7172 7199 
1 3 560 11503 6435 
1 3 3707 11686 754 
1 6 754 3757 3575 6597 409 3452 
1 4 6344 9371 9396 11230 
1 9 9753 6620 11429 9455 6486 6516 520 11474 3529 
1 6 10364 1004 1603 5092 7406 7418 
1 10 10137 10309 4379 1302 7280 12297 4397 10016 11936 1185 
1 6 4401 12232 10232 12204 1285 10162 
1 3 11516 11642 6698 
3 17 11829 11811 3851 947 11867 6912 9887 9799 11848 4112 7130 10038 9941 10122 12096 1119 1005 
1 3 9887 6864 8435 
1 2 6550 4112 
1 2 7003 9941 
1 2 10007 10122 
3 4 11811 904 11866 11883 
3 14 11829 9833 922 11842 11905 11774 9791 6990 3526 936 9837 13235 13234 914 
3 6 11774 11905 849 3879 6895 9833 
2 3 11818 3936 6990 
2 3 11818 10163 936 
2 7 10163 3844 3973 3864 976 1109 4109 
2 6 914 9805 9916 12001 1205 976 
2 8 7211 4193 1173 11965 4178 7096 3988 4109 
1 2 1109 3988 
1 2 7211 3988 
1 2 4109 7127 
1 3 13234 3914 9916 
1 4 3844 6930 11786 9916 
3 5 11883 979 3982 3967 6995 
3 5 6995 11881 11894 975 9932 
3 4 9932 3714 11753 3653 
2 8 11867 785 11898 3927 9929 11917 12013 1005 
3 9 1005 1122 4127 4008 7026 4124 10056 11810 11746 
3 7 11746 806 12029 1088 10087 1108 792 
3 5 806 3889 9893 9912 7620 
3 5 7620 6965 6919 3965 975 
3 3 3672 3682 6701 
3 3 6701 700 6748 
1 5 6748 3726 6758 757 9753 
3 7 3698 9663 11647 11617 11599 772 3653 
1 3 3698 717 719 
1 3 3672 6702 11661 
1 4 6692 9691 9694 11696 
2 5 3653 3656 6669 9702 1599 
3 7 6701 3668 4463 7624 4458 7495 7661 
2 6 1599 4534 6436 7554 3711 7624 
3 10 3698 6721 9674 6692 9649 685 11614 9628 670 3672 
3 7 7620 9860 876 10399 9858 11880 7470 
3 10 7470 6935 1636 6997 4660 9715 11704 4614 1536 7661 
3 5 1599 12380 3564 12376 7470 
2 4 11883 3919 6908 11747 
2 9 11747 804 3862 3964 919 3903 6950 960 975 
2 7 3964 6977 6888 3921 6813 9912 7620 
2 6 11747 6925 11792 11860 3788 1122 
3 5 792 11919 1065 1201 4206 
3 7 4206 4088 4161 11979 1155 13288 12049 
3 7 9989 11967 10061 11910 1071 4145 4076 
3 5 12049 10005 11964 7091 4076 
1 3 9989 7079 10120 
2 5 10099 12073 1015 11970 4088 
2 6 10099 1112 9947 13289 4073 12004 
2 3 10005 7011 12004 
2 9 1071 992 7117 10031 7144 11974 12044 1151 12002 
2 4 12004 10126 9957 12002 
1 5 12002 12889 4068 5069 1977 
2 2 7671 9893 
1 2 4111 792 
2 3 9715 4825 1896 
2 9 1896 12793 2071 9816 12773 829 10774 7953 5005 
2 2 5005 2089 
2 9 2089 12726 2004 7994 12046 3795 12372 901 2013 
2 4 829 12855 2097 12046 
2 3 2013 3942 7671 
2 10 1896 4755 7604 1463 12476 7530 12387 4512 11759 7620 
2 5 2013 901 10882 1549 12387 
1 4 12793 4553 7969 10837 
1 4 5005 5089 10797 12832 
1 4 10774 1922 12756 2026 
1 3 2089 8085 1955 
1 6 1033 12101 11976 4591 1544 4440 
1 4 9548 6761 744 3741 
1 4 3741 6747 723 3707 
1 2 914 11767 
1 3 11767 3884 9914 
1 3 9914 9780 9809 
1 4 936 974 3865 3882 
1 5 3882 867 11762 9780 9809 
1 4 3882 907 935 949 
1 4 922 9902 9919 9783 
1 2 11842 9902 
1 5 11842 11905 878 893 6923 
1 4 6923 3937 3908 949 
1 5 6923 6952 6814 6967 9919 
1 3 9783 11597 657 
1 3 657 9635 687 
1 3 687 3701 6727 
1 2 6727 11670 
1 7 3741 6747 9701 11652 9651 674 9617 
1 5 9617 3636 3639 637 3645 
1 4 3645 11657 9756 9602 
1 6 949 965 11754 3630 6652 3645 
1 4 9602 6998 11583 11586 
1 5 9809 6913 6940 6953 6998 
1 4 3707 9683 6743 6727 
1 3 9809 9821 6889 
1 4 11586 11580 3617 619 
1 4 9606 614 3614 11586 
1 4 9606 11592 6667 3645 
1 4 11479 9558 513 572 
1 4 11399 6580 536 11479 
1 3 11479 491 3483 
2 5 11479 491 11427 11550 9548 
3 5 11666 6739 3718 557 3569 
3 3 11666 6690 9648 
3 4 11666 704 11651 9665 
3 6 11666 3700 6720 9676 11663 9660 
3 10 11666 9661 11630 11627 3670 9624 11610 9643 9608 619 
2 5 3569 11511 6576 3484 11539 
2 7 3569 6562 3414 3583 9567 13205 9427 
1 2 6464 13205 
2 4 11539 581 3550 3581 
2 5 3581 6586 3565 9706 746 
2 5 3581 6604 3434 9468 11479 
1 3 9427 11413 442 
1 2 6739 9692 
2 5 9660 11625 6670 3623 619 
2 4 619 3617 11787 9606 
2 8 9660 716 6716 699 730 6735 713 746 
2 5 9606 11608 9640 693 6711 
2 4 746 11676 6714 6711 
2 4 746 9704 727 9548 
1 8 949 3971 3952 3796 9610 9612 11603 674 
1 2 9617 3663 
1 3 9612 9614 657 
1 2 4112 928 
1 3 9861 11844 804 
1 3 3870 921 6977 
1 2 9777 6977 
1 2 6938 979 
1 2 3979 9932 
1 2 11853 10399 
1 2 10472 12376 
1 2 12320 3564 
1 2 12473 7671 
1 2 3996 7011 
1 2 1068 10031 
2 3 4161 10002 12073 
2 2 7193 11984 
1 3 12058 1164 9940 
1 2 9940 4170 
1 2 7127 3401 
2 6 6711 3694 676 11639 3676 690 
1 3 690 11619 3663 
1 3 6807 9763 10056 
1 2 4943 9816 
1 2 5098 829 
1 3 10106 10804 1549 
1 3 3916 10811 1463 
1 2 2004 8001 
1 3 9878 3876 11860 
2 3 3856 856 947 
2 5 3856 3983 6877 9811 11792 
2 4 9427 11398 11554 11539 
2 5 3569 569 11556 9429 11542 
2 4 11542 6440 3418 3585 
2 4 673 11634 3675 688 
2 3 688 3684 9665 
1 2 9665 732 
1 2 11542 9569 
1 2 9541 9569 
1 3 9541 543 732 
1 2 6418 6440 
1 3 11542 9414 11401 
2 8 3601 3592 11581 9611 11594 3627 6647 619 
1 2 9611 3670 
2 4 3601 6611 984 3943 
1 3 984 3974 3924 
1 3 3924 11816 3868 
1 2 6889 11816 
2 5 11899 11741 797 3609 11586 
2 4 11899 953 11845 6889 
2 2 11899 982 
1 3 982 3922 6940 
2 3 11899 11872 9894 
2 3 11899 11572 6983 
1 4 6983 6619 3596 11581 
1 4 6983 9586 6611 3601 
1 2 9894 6889 
1 3 3924 6957 6983 
3 5 6521 375 11219 11276 321 
3 4 11219 9294 9320 9347 
3 4 9320 6257 3231 11366 
3 3 321 11305 9320 
1 2 6257 6389 
3 3 6521 11505 9496 
3 5 9496 3473 444 3532 6558 
3 5 9496 3572 6595 552 9570 
3 4 9496 537 6390 6282 
3 5 6558 17 3381 243 3295 
3 4 3295 6347 9346 6375 
3 4 6332 6402 3380 362 
3 4 362 9263 11343 11372 
3 5 11372 9361 9334 6334 6282 
3 5 321 9388 3340 349 6282 
3 3 6332 11265 3288 
3 5 6375 9398 395 348 3288 
3 4 9570 6462 9511 11467 
3 4 6558 3460 3283 6462 
2 5 3295 279 11260 9306 11372 
1 4 9570 3485 6485 3414 
3 4 6521 9428 6441 514 
3 4 6521 3499 9456 3522 
3 4 3522 9375 526 6377 
3 3 6377 6263 6325 
3 5 6377 3395 3234 309 241 
3 4 3522 6487 425 3561 
3 4 6377 11493 6513 3561 
3 7 3561 6524 538 6501 3535 11481 514 
2 3 514 9535 6595 
1 4 514 6559 3418 3585 
1 4 514 573 3514 11401 
3 2 9347 6325 
3 4 241 3326 6349 6325 
3 3 241 336 11360 
1 3 11360 11318 9335 
2 4 279 11232 388 6558 
1 3 6647 11577 11580 
3 3 3499 9428 11505 
3 2 6521 11444 
3 4 11505 11444 375 3499 
3 3 3692 11486 9517 
3 4 9517 6555 11529 11544 
3 5 11531 563 3558 3530 9517 
3 5 3395 405 9509 6535 495 
3 5 6488 3524 9547 3398 495 
3 5 6488 6444 11494 3547 587 
3 4 6488 11560 11547 11531 
3 4 6488 6594 9557 11529 
3 5 6488 3397 11445 3500 3561 
3 5 6524 482 3474 9416 11544 
3 4 11544 571 3299 9515 
3 4 9517 519 3690 9655 
1 2 9517 11499 
3 3 9515 11653 692 
3 4 9655 9666 6693 692 
1 2 9666 708 
3 4 336 11264 247 11388 
3 2 11388 6535 
3 3 495 6469 587 
1 2 564 6513 
1 2 3423 11494 
3 3 11531 11502 9559 
3 5 11502 3629 1346 6529 678 
3 3 678 11640 3692 
3 4 1346 9503 6712 3692 
3 4 9655 6934 3679 3692 
2 4 3547 11470 9575 11531 
3 3 11544 571 586 
2 3 586 6470 3585 
2 3 673 11620 692 
2 5 9655 6680 6678 9636 673 
2 4 9515 6725 6708 688 
2 4 9515 9681 3703 9665 
2 3 9620 9638 678 
2 2 9638 663 
2 5 9620 11604 11601 661 6680 
1 2 9559 5291 
1 4 9642 6698 698 678 
1 6 9620 11590 6666 6639 9590 6613 
1 4 9620 9622 3666 9642 
2 6 587 3547 11470 11435 6583 9559 
1 6 516 13068 11519 6537 11407 6583 
1 2 516 6560 
1 2 516 9536 
1 2 3516 516 
1 2 516 6598 
1 3 6560 6446 575 
1 2 6446 11483 
1 3 11483 11606 9536 
1 5 13011 3546 3560 9418 6583 
2 4 3601 11564 599 6626 
2 8 599 9627 9596 11612 3673 3674 3675 688 
2 3 11581 3654 9596 
2 3 391 68 3314 
2 3 391 3211 9498 
2 3 6241 11456 6496 
1 3 6598 3262 9498 
1 3 6496 9574 11519 
1 4 6469 3512 9363 6241 
2 4 391 6241 6286 9335 
2 3 3314 6336 9335 
2 4 6444 9486 3524 3397 
2 5 6444 11560 589 6594 3397 
3 2 6488 589 
3 2 6488 9486 
2 2 9904 11751 
2 2 9904 11846 
2 4 11846 11882 9794 11751 
2 2 9904 9794 
2 2 9904 11882 
2 5 6780 9738 11721 3959 9909 
1 3 9909 3928 911 
2 3 6780 9745 6609 
1 3 3589 6784 6609 
2 4 11590 3612 778 6609 
2 5 6780 11730 9741 771 6788 
2 3 9741 11726 3780 
2 4 9909 11891 3772 6788 
2 5 661 658 6661 969 3780 
2 3 969 11568 603 
2 4 6788 6973 6946 11833 
2 4 11833 6875 6862 11751 
2 3 9907 910 6875 
2 3 9907 11889 782 
2 5 9907 9879 11861 967 925 
2 3 9794 6926 925 
2 3 11882 963 6831 
2 3 925 9838 6831 
2 4 11846 923 9826 819 
2 3 819 11803 883 
2 6 883 6843 9784 11837 11998 6979 
2 6 11837 9856 10027 3901 12066 9990 
2 5 819 955 851 3968 10027 
2 4 6831 3966 6939 883 
2 6 9990 4159 1156 3857 10074 7059 
2 2 4159 4014 
2 3 967 9924 782 
2 4 782 6793 9582 11584 
2 3 11584 628 6626 
2 3 603 3604 11584 
2 4 6606 6985 1616 9907 
2 2 6606 782 
2 4 6606 9752 6790 11726 
2 4 628 9613 3657 656 
2 5 656 9630 6675 11587 6661 
1 4 656 11615 671 3675 
1 2 3288 6314 
1 4 6375 9372 11329 11301 
1 4 3295 3230 6259 3544 
1 5 3230 548 9508 3482 467 
1 5 11467 506 584 11428 9508 
2 6 3838 6891 9772 11824 11874 11773 
2 5 11773 902 11755 9863 6891 
2 2 922 6895 
1 2 3943 3924 
2 5 1536 12434 4473 4901 12793 
2 4 4088 1086 7107 1065 
2 5 2097 10793 6826 5014 1463 
2 2 2013 12413 
1 2 12413 4951 
1 3 4068 7156 5069 
2 2 1155 9947 
1 3 10120 4136 1130 
2 3 9612 9769 9919 
1 6 476 6455 414 3577 9716 3741 
1 6 11479 9468 9494 6522 6499 442 
1 7 12044 7073 1028 1206 12771 4138 8105 
1 2 1028 11999 
1 2 11999 7156 
2 3 2013 12316 10383 
2 7 10383 7184 4486 7001 4574 10089 4017 
2 2 4017 1015 
2 3 1086 7176 4017 
2 4 7671 1072 12442 10383 
1 2 4111 7184 
1 8 11968 11929 4616 7662 7565 7537 4544 4516 
1 4 4245 10077 4644 7662 
1 3 11968 12010 9991 
1 4 1321 13441 1238 7447 
1 5 10149 7436 4420 10808 8011 
1 4 7244 7395 12208 1273 
1 4 7244 1412 8100 8011 
1 7 1349 12269 12182 12142 1359 10324 8087 
1 9 11952 8076 12080 2105 11995 4953 5096 4045 12137 
1 5 8087 4472 12114 7428 4237 
1 4 12137 5086 10794 2086 
1 3 10887 9084 8007 
2 2 13444 8245 
2 3 8245 8178 1468 
2 4 1468 13442 7576 1833 
2 3 1468 4556 12648 
2 6 1061 7020 4003 3456 1179 13440 
2 2 1061 1144 
1 3 3456 10108 4110 
1 3 4110 7084 10735 
1 4 7084 1971 10898 8007 
1 10 12763 12717 4998 1978 7975 8044 5105 8098 8066 1179 
1 6 5105 5020 5064 10789 12769 10737 
1 3 5075 4949 5020 
3 2 849 9887 
3 14 6050 161 11082 11380 11390 3229 299 329 11215 11327 11160 9300 6345 6287 
3 12 6050 11163 35 9185 6084 11044 3141 11114 9138 3007 11184 6115 
3 19 6050 9149 3182 11091 3045 11147 125 9035 3108 6126 11129 9141 11120 145 6200 3100 6161 6083 9108 
2 5 130 205 9151 11040 11147 
2 8 130 9088 182 3113 6132 11201 9143 6083 
2 4 6287 6393 3260 3325 
2 3 3325 3277 399 
2 3 394 6235 6364 
2 2 6364 3277 
2 3 11366 332 3277 
2 3 11366 11251 3325 
2 2 9279 6345 
2 5 6345 9362 6412 3307 383 
2 6 11114 6028 69 11070 6310 383 
2 8 11380 9393 6397 9406 9329 6406 3386 383 
3 10 11167 11204 6087 162 11164 11125 9147 6125 6165 9108 
3 5 11167 6142 103 3097 9116 
2 12 9116 6092 9064 6015 9089 76 11077 3040 6079 3082 3058 11050 
2 4 11050 91 3145 192 
2 15 192 3034 3132 9126 6214 6071 3048 3088 3126 6187 6041 107 9132 6038 3022 
2 10 3022 21 3096 9216 11100 9127 3180 3188 3114 122 
3 5 6115 14 9174 6151 9096 
3 3 9096 11176 9296 
3 4 9296 11367 6176 53 
2 6 122 6145 65 3192 137 53 
2 6 6145 9170 3059 6080 9204 6115 
2 4 6115 9103 9157 11028 
2 10 11028 6042 133 10 9068 6123 9148 6010 11123 3108 
2 5 11028 9227 11206 6118 3022 
2 8 11044 9218 3070 77 3128 3136 3021 11028 
2 3 192 6055 101 
2 6 101 3095 11155 3054 3104 9108 
2 6 11167 6076 11115 6168 11208 11155 
2 6 6187 9069 9171 11187 11148 9141 
1 2 9116 9140 
1 4 9140 6117 11183 3134 
2 4 9279 11376 6120 11160 
2 4 11164 11081 158 11121 
1 6 11121 195 66 3172 11065 3122 
1 6 3122 11126 3117 169 6066 3083 
1 4 3083 9194 6108 11105 
1 7 11105 6009 204 3161 3061 6186 9206 
1 5 9206 11162 3050 6150 3187 
1 8 3187 3133 11046 11156 2998 157 3071 11175 
1 4 9073 67 6144 11105 
1 5 9073 11138 9056 9163 141 
1 5 141 6078 132 6081 11121 
1 7 9056 11033 3119 6138 9038 6013 3122 
1 7 141 11141 6033 6156 9061 3030 3187 
2 3 11167 3107 11030 
1 4 3121 9123 197 11030 
1 9 94 9045 9055 11038 3092 9248 3168 312 3338 
3 3 11444 3258 3340 
3 3 3499 11545 3535 
3 3 589 6568 9517 
1 3 564 11533 3524 
1 5 11064 3159 6104 6046 9075 
1 12 8124 13387 13422 5068 12757 13395 13396 2020 13356 13355 13358 12991 
1 7 12991 13358 13362 5065 13363 12840 13394 
1 7 12991 13351 10928 13339 13321 13317 13315 
1 5 5010 13412 13413 13388 8124 
1 2 4908 10765 
1 5 4977 4908 10848 2069 12833 
1 7 12833 13215 12461 1562 7517 11757 9814 
1 2 3957 6984 
1 3 6984 3824 6845 
1 4 6845 11782 6882 3878 
1 4 3878 9847 6909 9832 
1 4 9832 11830 3906 6732 
1 9 6732 3712 3732 7462 12459 1338 1619 4342 4285 
1 5 4285 1424 7304 7644 7361 
1 6 3957 873 6846 865 11738 788 
1 4 788 6943 4168 1132 
1 3 11738 11841 10412 
1 6 3957 6929 11758 11769 11789 11800 
1 3 11800 4442 6890 
1 4 11800 9808 827 6855 
1 5 11800 6705 9662 6707 11654 
1 4 11654 749 3763 3775 
1 5 749 11695 722 9711 9724 
1 2 9724 6710 
1 4 6890 9825 3685 689 
1 5 6855 9775 4601 4527 1595 
1 5 1132 1019 11927 10047 7202 
1 5 10412 10439 10468 8014 913 
1 4 1132 10051 7083 7138 
1 8 3878 6911 3806 11665 10381 3602 4270 4345 
1 2 4270 3778 
1 6 3775 9583 9585 11728 3640 6510 
1 6 3778 3635 3661 9634 6676 6510 
1 4 12149 7291 9601 4345 
1 4 11696 9726 6781 3587 
1 8 11661 6750 11694 3748 11727 3779 775 3587 
1 5 3726 742 745 11693 6750 
1 4 9680 9677 6704 3686 
1 4 9680 6741 11668 719 
1 10 568 9712 6771 11700 9729 9571 6420 3421 6445 9430 
1 6 6741 11729 6755 6783 11559 9417 
1 2 476 3457 
1 2 4017 11976 
1 2 10383 4440 
1 4 4951 10744 12879 8085 
1 3 4951 1631 4440 
1 5 1033 2095 8092 2033 12883 
1 8 1955 12702 5024 12727 5093 8060 10786 1923 
1 3 12758 7934 2033 
1 3 5024 10791 8051 
1 3 12832 4959 7982 
1 7 13440 13483 13487 12774 4891 1889 7982 
1 7 13320 4993 7960 2048 8108 4932 10791 
1 3 13320 4993 10760 
1 3 10840 1973 5074 
1 5 10840 1920 8073 1923 12883 
1 8 1130 9992 7082 1204 4151 12094 10123 11954 
1 15 11954 4120 1127 1198 4057 12088 10117 10046 4047 1041 1118 9980 7209 4194 1149 
1 10 1149 1189 12039 11957 7005 10026 11921 7162 10091 11969 
1 2 11969 9994 
